6329
6196
4887
12622
7590
12450
7522
9356
13493
4669
33695
12502
17778
9738
5177
8528
8288
10998
2871
15412
14741
3382
3776
6248
9754
2461
14297
6075
9782
6045
5946
10588
4978
6039
2984
12372
2438
4784
14375
8722
2368
4422
7806
10202
6605
7408
4022
27818
7833
5891
2652
7117
11181
14418
5958
7012
3320
4772
2775
17356
7551
3821
2683
4693
14000
23307
3453
3721
6204
6026
9601
6945
2394
3386
5260
3079
14004
9088
3800
10419
5676
3541
21829
19052
5923
9651
2433
13818
3134
3322
3387
5564
5420
2600
12129
8085
10178
9882
3046
3975
